{
 "cells": [
  {
   "cell_type": "code",
   "execution_count": 4,
   "id": "f216c11f-5c2e-4520-93d3-7756d6a638ac",
   "metadata": {
    "scrolled": true
   },
   "outputs": [
    {
     "data": {
      "text/html": [
       "<div>\n",
       "<style scoped>\n",
       "    .dataframe tbody tr th:only-of-type {\n",
       "        vertical-align: middle;\n",
       "    }\n",
       "\n",
       "    .dataframe tbody tr th {\n",
       "        vertical-align: top;\n",
       "    }\n",
       "\n",
       "    .dataframe thead th {\n",
       "        text-align: right;\n",
       "    }\n",
       "</style>\n",
       "<table border=\"1\" class=\"dataframe\">\n",
       "  <thead>\n",
       "    <tr style=\"text-align: right;\">\n",
       "      <th></th>\n",
       "      <th>id</th>\n",
       "      <th>price</th>\n",
       "      <th>bedrooms</th>\n",
       "      <th>bathrooms</th>\n",
       "      <th>sqft_living</th>\n",
       "      <th>sqft_lot</th>\n",
       "      <th>floors</th>\n",
       "      <th>waterfront</th>\n",
       "      <th>view</th>\n",
       "      <th>condition</th>\n",
       "      <th>grade</th>\n",
       "      <th>sqft_above</th>\n",
       "      <th>sqft_basement</th>\n",
       "      <th>yr_built</th>\n",
       "      <th>yr_renovated</th>\n",
       "      <th>zipcode</th>\n",
       "      <th>lat</th>\n",
       "      <th>long</th>\n",
       "      <th>sqft_living15</th>\n",
       "      <th>sqft_lot15</th>\n",
       "    </tr>\n",
       "  </thead>\n",
       "  <tbody>\n",
       "    <tr>\n",
       "      <th>id</th>\n",
       "      <td>1.000000</td>\n",
       "      <td>-0.015674</td>\n",
       "      <td>0.005719</td>\n",
       "      <td>0.006588</td>\n",
       "      <td>-0.004998</td>\n",
       "      <td>-0.129718</td>\n",
       "      <td>0.020060</td>\n",
       "      <td>-0.004239</td>\n",
       "      <td>0.015431</td>\n",
       "      <td>-0.026167</td>\n",
       "      <td>0.012799</td>\n",
       "      <td>-0.001967</td>\n",
       "      <td>-0.006323</td>\n",
       "      <td>0.026179</td>\n",
       "      <td>0.019353</td>\n",
       "      <td>-0.015296</td>\n",
       "      <td>-0.006684</td>\n",
       "      <td>0.035776</td>\n",
       "      <td>0.001866</td>\n",
       "      <td>-0.117662</td>\n",
       "    </tr>\n",
       "    <tr>\n",
       "      <th>price</th>\n",
       "      <td>-0.015674</td>\n",
       "      <td>1.000000</td>\n",
       "      <td>0.311877</td>\n",
       "      <td>0.511039</td>\n",
       "      <td>0.677507</td>\n",
       "      <td>0.114733</td>\n",
       "      <td>0.256258</td>\n",
       "      <td>0.264433</td>\n",
       "      <td>0.401707</td>\n",
       "      <td>0.038886</td>\n",
       "      <td>0.669854</td>\n",
       "      <td>0.600789</td>\n",
       "      <td>0.319075</td>\n",
       "      <td>0.052639</td>\n",
       "      <td>0.152050</td>\n",
       "      <td>-0.051090</td>\n",
       "      <td>0.315061</td>\n",
       "      <td>0.015452</td>\n",
       "      <td>0.590894</td>\n",
       "      <td>0.086072</td>\n",
       "    </tr>\n",
       "    <tr>\n",
       "      <th>bedrooms</th>\n",
       "      <td>0.005719</td>\n",
       "      <td>0.311877</td>\n",
       "      <td>1.000000</td>\n",
       "      <td>0.500049</td>\n",
       "      <td>0.569275</td>\n",
       "      <td>0.073339</td>\n",
       "      <td>0.178899</td>\n",
       "      <td>-0.006031</td>\n",
       "      <td>0.083182</td>\n",
       "      <td>0.023185</td>\n",
       "      <td>0.358992</td>\n",
       "      <td>0.484829</td>\n",
       "      <td>0.297602</td>\n",
       "      <td>0.157932</td>\n",
       "      <td>0.168968</td>\n",
       "      <td>-0.156723</td>\n",
       "      <td>-0.011628</td>\n",
       "      <td>0.134793</td>\n",
       "      <td>0.396479</td>\n",
       "      <td>0.045204</td>\n",
       "    </tr>\n",
       "    <tr>\n",
       "      <th>bathrooms</th>\n",
       "      <td>0.006588</td>\n",
       "      <td>0.511039</td>\n",
       "      <td>0.500049</td>\n",
       "      <td>1.000000</td>\n",
       "      <td>0.711923</td>\n",
       "      <td>0.091043</td>\n",
       "      <td>0.490096</td>\n",
       "      <td>0.066795</td>\n",
       "      <td>0.178235</td>\n",
       "      <td>-0.125135</td>\n",
       "      <td>0.643878</td>\n",
       "      <td>0.663379</td>\n",
       "      <td>0.269722</td>\n",
       "      <td>0.498562</td>\n",
       "      <td>0.262849</td>\n",
       "      <td>-0.200947</td>\n",
       "      <td>0.027467</td>\n",
       "      <td>0.217927</td>\n",
       "      <td>0.555106</td>\n",
       "      <td>0.075069</td>\n",
       "    </tr>\n",
       "    <tr>\n",
       "      <th>sqft_living</th>\n",
       "      <td>-0.004998</td>\n",
       "      <td>0.677507</td>\n",
       "      <td>0.569275</td>\n",
       "      <td>0.711923</td>\n",
       "      <td>1.000000</td>\n",
       "      <td>0.222076</td>\n",
       "      <td>0.344877</td>\n",
       "      <td>0.103652</td>\n",
       "      <td>0.277429</td>\n",
       "      <td>-0.056279</td>\n",
       "      <td>0.743705</td>\n",
       "      <td>0.849603</td>\n",
       "      <td>0.420065</td>\n",
       "      <td>0.311336</td>\n",
       "      <td>0.158925</td>\n",
       "      <td>-0.192173</td>\n",
       "      <td>0.052537</td>\n",
       "      <td>0.227170</td>\n",
       "      <td>0.742807</td>\n",
       "      <td>0.180123</td>\n",
       "    </tr>\n",
       "    <tr>\n",
       "      <th>sqft_lot</th>\n",
       "      <td>-0.129718</td>\n",
       "      <td>0.114733</td>\n",
       "      <td>0.073339</td>\n",
       "      <td>0.091043</td>\n",
       "      <td>0.222076</td>\n",
       "      <td>1.000000</td>\n",
       "      <td>-0.047498</td>\n",
       "      <td>0.051975</td>\n",
       "      <td>0.063547</td>\n",
       "      <td>0.011675</td>\n",
       "      <td>0.157954</td>\n",
       "      <td>0.233988</td>\n",
       "      <td>0.034285</td>\n",
       "      <td>0.050345</td>\n",
       "      <td>-0.094876</td>\n",
       "      <td>-0.167383</td>\n",
       "      <td>-0.083393</td>\n",
       "      <td>0.264562</td>\n",
       "      <td>0.247896</td>\n",
       "      <td>0.716402</td>\n",
       "    </tr>\n",
       "    <tr>\n",
       "      <th>floors</th>\n",
       "      <td>0.020060</td>\n",
       "      <td>0.256258</td>\n",
       "      <td>0.178899</td>\n",
       "      <td>0.490096</td>\n",
       "      <td>0.344877</td>\n",
       "      <td>-0.047498</td>\n",
       "      <td>1.000000</td>\n",
       "      <td>0.024119</td>\n",
       "      <td>0.027277</td>\n",
       "      <td>-0.264857</td>\n",
       "      <td>0.457675</td>\n",
       "      <td>0.525933</td>\n",
       "      <td>-0.251239</td>\n",
       "      <td>0.490176</td>\n",
       "      <td>0.054421</td>\n",
       "      <td>-0.058685</td>\n",
       "      <td>0.049466</td>\n",
       "      <td>0.125689</td>\n",
       "      <td>0.279125</td>\n",
       "      <td>-0.039236</td>\n",
       "    </tr>\n",
       "    <tr>\n",
       "      <th>waterfront</th>\n",
       "      <td>-0.004239</td>\n",
       "      <td>0.264433</td>\n",
       "      <td>-0.006031</td>\n",
       "      <td>0.066795</td>\n",
       "      <td>0.103652</td>\n",
       "      <td>0.051975</td>\n",
       "      <td>0.024119</td>\n",
       "      <td>1.000000</td>\n",
       "      <td>0.406887</td>\n",
       "      <td>0.016465</td>\n",
       "      <td>0.083133</td>\n",
       "      <td>0.071197</td>\n",
       "      <td>0.078758</td>\n",
       "      <td>-0.025270</td>\n",
       "      <td>-0.106707</td>\n",
       "      <td>0.030732</td>\n",
       "      <td>-0.014666</td>\n",
       "      <td>-0.040403</td>\n",
       "      <td>0.086621</td>\n",
       "      <td>0.054491</td>\n",
       "    </tr>\n",
       "    <tr>\n",
       "      <th>view</th>\n",
       "      <td>0.015431</td>\n",
       "      <td>0.401707</td>\n",
       "      <td>0.083182</td>\n",
       "      <td>0.178235</td>\n",
       "      <td>0.277429</td>\n",
       "      <td>0.063547</td>\n",
       "      <td>0.027277</td>\n",
       "      <td>0.406887</td>\n",
       "      <td>1.000000</td>\n",
       "      <td>0.046056</td>\n",
       "      <td>0.251047</td>\n",
       "      <td>0.163368</td>\n",
       "      <td>0.278135</td>\n",
       "      <td>-0.056210</td>\n",
       "      <td>-0.052878</td>\n",
       "      <td>0.090544</td>\n",
       "      <td>0.014045</td>\n",
       "      <td>-0.090021</td>\n",
       "      <td>0.280515</td>\n",
       "      <td>0.058219</td>\n",
       "    </tr>\n",
       "    <tr>\n",
       "      <th>condition</th>\n",
       "      <td>-0.026167</td>\n",
       "      <td>0.038886</td>\n",
       "      <td>0.023185</td>\n",
       "      <td>-0.125135</td>\n",
       "      <td>-0.056279</td>\n",
       "      <td>0.011675</td>\n",
       "      <td>-0.264857</td>\n",
       "      <td>0.016465</td>\n",
       "      <td>0.046056</td>\n",
       "      <td>1.000000</td>\n",
       "      <td>-0.144189</td>\n",
       "      <td>-0.158402</td>\n",
       "      <td>0.176828</td>\n",
       "      <td>-0.361497</td>\n",
       "      <td>-0.366199</td>\n",
       "      <td>0.000746</td>\n",
       "      <td>-0.012515</td>\n",
       "      <td>-0.103280</td>\n",
       "      <td>-0.092082</td>\n",
       "      <td>0.016459</td>\n",
       "    </tr>\n",
       "    <tr>\n",
       "      <th>grade</th>\n",
       "      <td>0.012799</td>\n",
       "      <td>0.669854</td>\n",
       "      <td>0.358992</td>\n",
       "      <td>0.643878</td>\n",
       "      <td>0.743705</td>\n",
       "      <td>0.157954</td>\n",
       "      <td>0.457675</td>\n",
       "      <td>0.083133</td>\n",
       "      <td>0.251047</td>\n",
       "      <td>-0.144189</td>\n",
       "      <td>1.000000</td>\n",
       "      <td>0.754663</td>\n",
       "      <td>0.164514</td>\n",
       "      <td>0.445931</td>\n",
       "      <td>0.248576</td>\n",
       "      <td>-0.184065</td>\n",
       "      <td>0.116925</td>\n",
       "      <td>0.193994</td>\n",
       "      <td>0.716101</td>\n",
       "      <td>0.126654</td>\n",
       "    </tr>\n",
       "    <tr>\n",
       "      <th>sqft_above</th>\n",
       "      <td>-0.001967</td>\n",
       "      <td>0.600789</td>\n",
       "      <td>0.484829</td>\n",
       "      <td>0.663379</td>\n",
       "      <td>0.849603</td>\n",
       "      <td>0.233988</td>\n",
       "      <td>0.525933</td>\n",
       "      <td>0.071197</td>\n",
       "      <td>0.163368</td>\n",
       "      <td>-0.158402</td>\n",
       "      <td>0.754663</td>\n",
       "      <td>1.000000</td>\n",
       "      <td>-0.062939</td>\n",
       "      <td>0.425289</td>\n",
       "      <td>0.073147</td>\n",
       "      <td>-0.260540</td>\n",
       "      <td>0.001126</td>\n",
       "      <td>0.339679</td>\n",
       "      <td>0.736965</td>\n",
       "      <td>0.195611</td>\n",
       "    </tr>\n",
       "    <tr>\n",
       "      <th>sqft_basement</th>\n",
       "      <td>-0.006323</td>\n",
       "      <td>0.319075</td>\n",
       "      <td>0.297602</td>\n",
       "      <td>0.269722</td>\n",
       "      <td>0.420065</td>\n",
       "      <td>0.034285</td>\n",
       "      <td>-0.251239</td>\n",
       "      <td>0.078758</td>\n",
       "      <td>0.278135</td>\n",
       "      <td>0.176828</td>\n",
       "      <td>0.164514</td>\n",
       "      <td>-0.062939</td>\n",
       "      <td>1.000000</td>\n",
       "      <td>-0.135091</td>\n",
       "      <td>0.189566</td>\n",
       "      <td>0.076651</td>\n",
       "      <td>0.110291</td>\n",
       "      <td>-0.150506</td>\n",
       "      <td>0.196920</td>\n",
       "      <td>0.019173</td>\n",
       "    </tr>\n",
       "    <tr>\n",
       "      <th>yr_built</th>\n",
       "      <td>0.026179</td>\n",
       "      <td>0.052639</td>\n",
       "      <td>0.157932</td>\n",
       "      <td>0.498562</td>\n",
       "      <td>0.311336</td>\n",
       "      <td>0.050345</td>\n",
       "      <td>0.490176</td>\n",
       "      <td>-0.025270</td>\n",
       "      <td>-0.056210</td>\n",
       "      <td>-0.361497</td>\n",
       "      <td>0.445931</td>\n",
       "      <td>0.425289</td>\n",
       "      <td>-0.135091</td>\n",
       "      <td>1.000000</td>\n",
       "      <td>0.248960</td>\n",
       "      <td>-0.346516</td>\n",
       "      <td>-0.149261</td>\n",
       "      <td>0.411194</td>\n",
       "      <td>0.325831</td>\n",
       "      <td>0.057493</td>\n",
       "    </tr>\n",
       "    <tr>\n",
       "      <th>yr_renovated</th>\n",
       "      <td>0.019353</td>\n",
       "      <td>0.152050</td>\n",
       "      <td>0.168968</td>\n",
       "      <td>0.262849</td>\n",
       "      <td>0.158925</td>\n",
       "      <td>-0.094876</td>\n",
       "      <td>0.054421</td>\n",
       "      <td>-0.106707</td>\n",
       "      <td>-0.052878</td>\n",
       "      <td>-0.366199</td>\n",
       "      <td>0.248576</td>\n",
       "      <td>0.073147</td>\n",
       "      <td>0.189566</td>\n",
       "      <td>0.248960</td>\n",
       "      <td>1.000000</td>\n",
       "      <td>0.013424</td>\n",
       "      <td>0.030431</td>\n",
       "      <td>0.004921</td>\n",
       "      <td>0.054812</td>\n",
       "      <td>-0.050467</td>\n",
       "    </tr>\n",
       "    <tr>\n",
       "      <th>zipcode</th>\n",
       "      <td>-0.015296</td>\n",
       "      <td>-0.051090</td>\n",
       "      <td>-0.156723</td>\n",
       "      <td>-0.200947</td>\n",
       "      <td>-0.192173</td>\n",
       "      <td>-0.167383</td>\n",
       "      <td>-0.058685</td>\n",
       "      <td>0.030732</td>\n",
       "      <td>0.090544</td>\n",
       "      <td>0.000746</td>\n",
       "      <td>-0.184065</td>\n",
       "      <td>-0.260540</td>\n",
       "      <td>0.076651</td>\n",
       "      <td>-0.346516</td>\n",
       "      <td>0.013424</td>\n",
       "      <td>1.000000</td>\n",
       "      <td>0.267364</td>\n",
       "      <td>-0.563316</td>\n",
       "      <td>-0.278119</td>\n",
       "      <td>-0.151679</td>\n",
       "    </tr>\n",
       "    <tr>\n",
       "      <th>lat</th>\n",
       "      <td>-0.006684</td>\n",
       "      <td>0.315061</td>\n",
       "      <td>-0.011628</td>\n",
       "      <td>0.027467</td>\n",
       "      <td>0.052537</td>\n",
       "      <td>-0.083393</td>\n",
       "      <td>0.049466</td>\n",
       "      <td>-0.014666</td>\n",
       "      <td>0.014045</td>\n",
       "      <td>-0.012515</td>\n",
       "      <td>0.116925</td>\n",
       "      <td>0.001126</td>\n",
       "      <td>0.110291</td>\n",
       "      <td>-0.149261</td>\n",
       "      <td>0.030431</td>\n",
       "      <td>0.267364</td>\n",
       "      <td>1.000000</td>\n",
       "      <td>-0.135244</td>\n",
       "      <td>0.049117</td>\n",
       "      <td>-0.079601</td>\n",
       "    </tr>\n",
       "    <tr>\n",
       "      <th>long</th>\n",
       "      <td>0.035776</td>\n",
       "      <td>0.015452</td>\n",
       "      <td>0.134793</td>\n",
       "      <td>0.217927</td>\n",
       "      <td>0.227170</td>\n",
       "      <td>0.264562</td>\n",
       "      <td>0.125689</td>\n",
       "      <td>-0.040403</td>\n",
       "      <td>-0.090021</td>\n",
       "      <td>-0.103280</td>\n",
       "      <td>0.193994</td>\n",
       "      <td>0.339679</td>\n",
       "      <td>-0.150506</td>\n",
       "      <td>0.411194</td>\n",
       "      <td>0.004921</td>\n",
       "      <td>-0.563316</td>\n",
       "      <td>-0.135244</td>\n",
       "      <td>1.000000</td>\n",
       "      <td>0.332589</td>\n",
       "      <td>0.248219</td>\n",
       "    </tr>\n",
       "    <tr>\n",
       "      <th>sqft_living15</th>\n",
       "      <td>0.001866</td>\n",
       "      <td>0.590894</td>\n",
       "      <td>0.396479</td>\n",
       "      <td>0.555106</td>\n",
       "      <td>0.742807</td>\n",
       "      <td>0.247896</td>\n",
       "      <td>0.279125</td>\n",
       "      <td>0.086621</td>\n",
       "      <td>0.280515</td>\n",
       "      <td>-0.092082</td>\n",
       "      <td>0.716101</td>\n",
       "      <td>0.736965</td>\n",
       "      <td>0.196920</td>\n",
       "      <td>0.325831</td>\n",
       "      <td>0.054812</td>\n",
       "      <td>-0.278119</td>\n",
       "      <td>0.049117</td>\n",
       "      <td>0.332589</td>\n",
       "      <td>1.000000</td>\n",
       "      <td>0.217550</td>\n",
       "    </tr>\n",
       "    <tr>\n",
       "      <th>sqft_lot15</th>\n",
       "      <td>-0.117662</td>\n",
       "      <td>0.086072</td>\n",
       "      <td>0.045204</td>\n",
       "      <td>0.075069</td>\n",
       "      <td>0.180123</td>\n",
       "      <td>0.716402</td>\n",
       "      <td>-0.039236</td>\n",
       "      <td>0.054491</td>\n",
       "      <td>0.058219</td>\n",
       "      <td>0.016459</td>\n",
       "      <td>0.126654</td>\n",
       "      <td>0.195611</td>\n",
       "      <td>0.019173</td>\n",
       "      <td>0.057493</td>\n",
       "      <td>-0.050467</td>\n",
       "      <td>-0.151679</td>\n",
       "      <td>-0.079601</td>\n",
       "      <td>0.248219</td>\n",
       "      <td>0.217550</td>\n",
       "      <td>1.000000</td>\n",
       "    </tr>\n",
       "  </tbody>\n",
       "</table>\n",
       "</div>"
      ],
      "text/plain": [
       "                     id     price  bedrooms  bathrooms  sqft_living  sqft_lot  \\\n",
       "id             1.000000 -0.015674  0.005719   0.006588    -0.004998 -0.129718   \n",
       "price         -0.015674  1.000000  0.311877   0.511039     0.677507  0.114733   \n",
       "bedrooms       0.005719  0.311877  1.000000   0.500049     0.569275  0.073339   \n",
       "bathrooms      0.006588  0.511039  0.500049   1.000000     0.711923  0.091043   \n",
       "sqft_living   -0.004998  0.677507  0.569275   0.711923     1.000000  0.222076   \n",
       "sqft_lot      -0.129718  0.114733  0.073339   0.091043     0.222076  1.000000   \n",
       "floors         0.020060  0.256258  0.178899   0.490096     0.344877 -0.047498   \n",
       "waterfront    -0.004239  0.264433 -0.006031   0.066795     0.103652  0.051975   \n",
       "view           0.015431  0.401707  0.083182   0.178235     0.277429  0.063547   \n",
       "condition     -0.026167  0.038886  0.023185  -0.125135    -0.056279  0.011675   \n",
       "grade          0.012799  0.669854  0.358992   0.643878     0.743705  0.157954   \n",
       "sqft_above    -0.001967  0.600789  0.484829   0.663379     0.849603  0.233988   \n",
       "sqft_basement -0.006323  0.319075  0.297602   0.269722     0.420065  0.034285   \n",
       "yr_built       0.026179  0.052639  0.157932   0.498562     0.311336  0.050345   \n",
       "yr_renovated   0.019353  0.152050  0.168968   0.262849     0.158925 -0.094876   \n",
       "zipcode       -0.015296 -0.051090 -0.156723  -0.200947    -0.192173 -0.167383   \n",
       "lat           -0.006684  0.315061 -0.011628   0.027467     0.052537 -0.083393   \n",
       "long           0.035776  0.015452  0.134793   0.217927     0.227170  0.264562   \n",
       "sqft_living15  0.001866  0.590894  0.396479   0.555106     0.742807  0.247896   \n",
       "sqft_lot15    -0.117662  0.086072  0.045204   0.075069     0.180123  0.716402   \n",
       "\n",
       "                 floors  waterfront      view  condition     grade  \\\n",
       "id             0.020060   -0.004239  0.015431  -0.026167  0.012799   \n",
       "price          0.256258    0.264433  0.401707   0.038886  0.669854   \n",
       "bedrooms       0.178899   -0.006031  0.083182   0.023185  0.358992   \n",
       "bathrooms      0.490096    0.066795  0.178235  -0.125135  0.643878   \n",
       "sqft_living    0.344877    0.103652  0.277429  -0.056279  0.743705   \n",
       "sqft_lot      -0.047498    0.051975  0.063547   0.011675  0.157954   \n",
       "floors         1.000000    0.024119  0.027277  -0.264857  0.457675   \n",
       "waterfront     0.024119    1.000000  0.406887   0.016465  0.083133   \n",
       "view           0.027277    0.406887  1.000000   0.046056  0.251047   \n",
       "condition     -0.264857    0.016465  0.046056   1.000000 -0.144189   \n",
       "grade          0.457675    0.083133  0.251047  -0.144189  1.000000   \n",
       "sqft_above     0.525933    0.071197  0.163368  -0.158402  0.754663   \n",
       "sqft_basement -0.251239    0.078758  0.278135   0.176828  0.164514   \n",
       "yr_built       0.490176   -0.025270 -0.056210  -0.361497  0.445931   \n",
       "yr_renovated   0.054421   -0.106707 -0.052878  -0.366199  0.248576   \n",
       "zipcode       -0.058685    0.030732  0.090544   0.000746 -0.184065   \n",
       "lat            0.049466   -0.014666  0.014045  -0.012515  0.116925   \n",
       "long           0.125689   -0.040403 -0.090021  -0.103280  0.193994   \n",
       "sqft_living15  0.279125    0.086621  0.280515  -0.092082  0.716101   \n",
       "sqft_lot15    -0.039236    0.054491  0.058219   0.016459  0.126654   \n",
       "\n",
       "               sqft_above  sqft_basement  yr_built  yr_renovated   zipcode  \\\n",
       "id              -0.001967      -0.006323  0.026179      0.019353 -0.015296   \n",
       "price            0.600789       0.319075  0.052639      0.152050 -0.051090   \n",
       "bedrooms         0.484829       0.297602  0.157932      0.168968 -0.156723   \n",
       "bathrooms        0.663379       0.269722  0.498562      0.262849 -0.200947   \n",
       "sqft_living      0.849603       0.420065  0.311336      0.158925 -0.192173   \n",
       "sqft_lot         0.233988       0.034285  0.050345     -0.094876 -0.167383   \n",
       "floors           0.525933      -0.251239  0.490176      0.054421 -0.058685   \n",
       "waterfront       0.071197       0.078758 -0.025270     -0.106707  0.030732   \n",
       "view             0.163368       0.278135 -0.056210     -0.052878  0.090544   \n",
       "condition       -0.158402       0.176828 -0.361497     -0.366199  0.000746   \n",
       "grade            0.754663       0.164514  0.445931      0.248576 -0.184065   \n",
       "sqft_above       1.000000      -0.062939  0.425289      0.073147 -0.260540   \n",
       "sqft_basement   -0.062939       1.000000 -0.135091      0.189566  0.076651   \n",
       "yr_built         0.425289      -0.135091  1.000000      0.248960 -0.346516   \n",
       "yr_renovated     0.073147       0.189566  0.248960      1.000000  0.013424   \n",
       "zipcode         -0.260540       0.076651 -0.346516      0.013424  1.000000   \n",
       "lat              0.001126       0.110291 -0.149261      0.030431  0.267364   \n",
       "long             0.339679      -0.150506  0.411194      0.004921 -0.563316   \n",
       "sqft_living15    0.736965       0.196920  0.325831      0.054812 -0.278119   \n",
       "sqft_lot15       0.195611       0.019173  0.057493     -0.050467 -0.151679   \n",
       "\n",
       "                    lat      long  sqft_living15  sqft_lot15  \n",
       "id            -0.006684  0.035776       0.001866   -0.117662  \n",
       "price          0.315061  0.015452       0.590894    0.086072  \n",
       "bedrooms      -0.011628  0.134793       0.396479    0.045204  \n",
       "bathrooms      0.027467  0.217927       0.555106    0.075069  \n",
       "sqft_living    0.052537  0.227170       0.742807    0.180123  \n",
       "sqft_lot      -0.083393  0.264562       0.247896    0.716402  \n",
       "floors         0.049466  0.125689       0.279125   -0.039236  \n",
       "waterfront    -0.014666 -0.040403       0.086621    0.054491  \n",
       "view           0.014045 -0.090021       0.280515    0.058219  \n",
       "condition     -0.012515 -0.103280      -0.092082    0.016459  \n",
       "grade          0.116925  0.193994       0.716101    0.126654  \n",
       "sqft_above     0.001126  0.339679       0.736965    0.195611  \n",
       "sqft_basement  0.110291 -0.150506       0.196920    0.019173  \n",
       "yr_built      -0.149261  0.411194       0.325831    0.057493  \n",
       "yr_renovated   0.030431  0.004921       0.054812   -0.050467  \n",
       "zipcode        0.267364 -0.563316      -0.278119   -0.151679  \n",
       "lat            1.000000 -0.135244       0.049117   -0.079601  \n",
       "long          -0.135244  1.000000       0.332589    0.248219  \n",
       "sqft_living15  0.049117  0.332589       1.000000    0.217550  \n",
       "sqft_lot15    -0.079601  0.248219       0.217550    1.000000  "
      ]
     },
     "execution_count": 4,
     "metadata": {},
     "output_type": "execute_result"
    }
   ],
   "source": [
    "import pandas as pd\n",
    "import numpy as np\n",
    "import matplotlib.pyplot as plt\n",
    "\n",
    "# Load Dataset\n",
    "file_path = r\"C:\\Users\\jrmoo\\cleaned_house_sales.csv\"\n",
    "df = pd.read_csv(file_path)\n",
    "\n",
    "# Select Numeric Columns\n",
    "numeric_df = df.select_dtypes(include=[np.number])\n",
    "\n",
    "# Correlation Matrix\n",
    "corr_matrix = numeric_df.corr()\n",
    "\n",
    "# Display Matrix\n",
    "corr_matrix"
   ]
  },
  {
   "cell_type": "code",
   "execution_count": 12,
   "id": "7f8b069b-dfe7-45ad-b1c8-7d3ff833835d",
   "metadata": {},
   "outputs": [
    {
     "name": "stdout",
     "output_type": "stream",
     "text": [
      "Dependent Variable:\n",
      "price\n",
      "\n",
      "Independent Variables:\n",
      "\n",
      "Strong Predictors (0.50 ->):\n",
      "- bathrooms (0.5110)\n",
      "- sqft_living (0.6775)\n",
      "- grade (0.6699)\n",
      "- sqft_above (0.6008)\n",
      "- sqft_living15 (0.5909)\n",
      "\n",
      "Moderate Predictors (0.25 -> 0.50):\n",
      "- bedrooms (0.3119)\n",
      "- floors (0.2563)\n",
      "- waterfront (0.2644)\n",
      "- view (0.4017)\n",
      "- sqft_basement (0.3191)\n",
      "- lat (0.3151)\n",
      "\n",
      "Weak Predictors (-> 0.25):\n",
      "- id (-0.0157)\n",
      "- sqft_lot (0.1147)\n",
      "- condition (0.0389)\n",
      "- yr_built (0.0526)\n",
      "- yr_renovated (0.1520)\n",
      "- zipcode (-0.0511)\n",
      "- long (0.0155)\n",
      "- sqft_lot15 (0.0861)\n"
     ]
    }
   ],
   "source": [
    "import numpy as np\n",
    "\n",
    "# Dependent variable\n",
    "dependent_variable = \"price\"\n",
    "\n",
    "# Correlation matrix\n",
    "corr_matrix = df.corr(numeric_only=True)\n",
    "\n",
    "# Correlations with the dependent variable\n",
    "corr_with_price = corr_matrix[dependent_variable].drop(dependent_variable)\n",
    "\n",
    "# Group predictors in 3 categories\n",
    "strong_predictors = corr_with_price[abs(corr_with_price) > 0.50]\n",
    "moderate_predictors = corr_with_price[(abs(corr_with_price) > 0.25) & (abs(corr_with_price) <= 0.50)]\n",
    "weak_predictors = corr_with_price[abs(corr_with_price) <= 0.25]\n",
    "\n",
    "# Display Results\n",
    "print(\"Dependent Variable:\")\n",
    "print(dependent_variable)\n",
    "\n",
    "print(\"\\nIndependent Variables:\")\n",
    "\n",
    "print(\"\\nStrong Predictors (0.50 ->):\")\n",
    "for col, val in strong_predictors.items():\n",
    "    print(f\"- {col} ({val:.4f})\")\n",
    "\n",
    "print(\"\\nModerate Predictors (0.25 -> 0.50):\")\n",
    "for col, val in moderate_predictors.items():\n",
    "    print(f\"- {col} ({val:.4f})\")\n",
    "\n",
    "print(\"\\nWeak Predictors (-> 0.25):\")\n",
    "for col, val in weak_predictors.items():\n",
    "    print(f\"- {col} ({val:.4f})\")\n"
   ]
  },
  {
   "cell_type": "code",
   "execution_count": null,
   "id": "c53ba9f7-cdb6-44ae-b422-dbb0da56591d",
   "metadata": {},
   "outputs": [],
   "source": []
  }
 ],
 "metadata": {
  "kernelspec": {
   "display_name": "Python 3 (ipykernel)",
   "language": "python",
   "name": "python3"
  },
  "language_info": {
   "codemirror_mode": {
    "name": "ipython",
    "version": 3
   },
   "file_extension": ".py",
   "mimetype": "text/x-python",
   "name": "python",
   "nbconvert_exporter": "python",
   "pygments_lexer": "ipython3",
   "version": "3.14.0"
  }
 },
 "nbformat": 4,
 "nbformat_minor": 5
}
